기고
4
0
431 651
전장의 맹획
4
0
478 717
개발자 랭보
4
0
433 647
달기
22
4
534 534
미라
22
2
667 446
미고
23
5
821 821
소걸아
23
2
708 711
스프링힐드 잭
23
5
758 754
치로
23
3
490 737
케이시
23
5
702 706
케이시
23
0
540 543
모노리스
23
5
685 1024
웰즈
23
2
804 538
해모수
23
1
651 431
에드거 앨런 포
23
0
631 418
오시리스
23
2
680 682
솔로몬
23
3
755 503
폴리비우스
23
0
659 442
잭 더 리퍼
23
1
470 707
목련
23
0
556 832
00. 광대
23
0
679 455
솔라리스
23
1
668 663
허수아비
23
0
696 460
XII. 매달린 사람
23
0
659 440
전사
23
0
707 473
XX. 심판
23
0
699 463
XXI. 세계
23
0
518 780
여우귀 하후돈
23
0
878 587
아그리파
23
0
605 908
아이언 마스크
25
2
814 541
화성인
25
1
729 488
고양이귀 아난다
25
3
517 777
시에라
25
3
702 706
구미호
25
0
938 622
해변의 델핀
25
0
1048 1045
시크릿 티무르
25
0
1188 791
시크릿 흥부댁
25
0
811 1221
반두젠
26
1
779 518
백소정
26
5
753 1130
레티큐리안
26
1
779 773
발로르
26
4
694 1037
아스모데우스
26
2
639 637
살라딘
26
3
892 591
IV. 황제
26
1
801 533
데자토리스
26
1
545 819
본부장 이규
26
1
740 1116
® 보병궁
26
1
1040 696
스케어크로우
26
1
693 1043
스핑크스
28
3
720 476
우렁각시
28
2
610 607
하멜른
28
4
686 690
토르
28
3
937 624
콜세어
28
2
544 814
틱톡
28
3
521 515
소걸아
29
5
956 960
황금 거위
29
3
647 966
아나스타샤
29
2
904 604
왓슨
29
2
850 849
위험한 강시
29
2
606 914